fecha	cols	rows	boosting	objective	metric	first_metric_only	boost_from_average	feature_pre_filter	force_row_wise	verbosity	max_depth	min_gain_to_split	min_sum_hessian_in_leaf	lambda_l1	lambda_l2	max_bin	num_iterations	bagging_fraction	pos_bagging_fraction	neg_bagging_fraction	is_unbalance	scale_pos_weight	drop_rate	max_drop	skip_drop	extra_trees	seed	learning_rate	feature_fraction	num_leaves	min_data_in_leaf	estimulos	ganancia	iteracion_bayesiana
20240503 203707	884	86099	gbdt	binary	custom	TRUE	TRUE	FALSE	TRUE	-100	-1	0	0.001	0	0	31	679	1	1	1	FALSE	1	0.1	50	0.5	FALSE	900001	0.116442212945253	0.620141147691607	1657	1940	12598	58201202.3988006	1
20240503 203752	884	86099	gbdt	binary	custom	TRUE	TRUE	FALSE	TRUE	-100	-1	0	0.001	0	0	31	65	1	1	1	FALSE	1	0.1	50	0.5	FALSE	900001	0.338295321238792	0.688560357001972	1402	1486	10476	59317187.4062968	2
20240503 203828	884	86099	gbdt	binary	custom	TRUE	TRUE	FALSE	TRUE	-100	-1	0	0.001	0	0	31	66	1	1	1	FALSE	1	0.1	50	0.5	FALSE	900001	0.368849628071935	0.756701571551134	823	1192	10737	58947500.7496252	3
20240503 203949	884	86099	gbdt	binary	custom	TRUE	TRUE	FALSE	TRUE	-100	-1	0	0.001	0	0	31	988	1	1	1	FALSE	1	0.1	50	0.5	FALSE	900001	0.207485957027722	0.652841042911386	39	456	12697	57657245.8770615	4
20240503 204133	884	86099	gbdt	binary	custom	TRUE	TRUE	FALSE	TRUE	-100	-1	0	0.001	0	0	31	990	1	1	1	FALSE	1	0.1	50	0.5	FALSE	900001	0.0424421492051256	0.58984832307637	1500	1673	10841	60070523.2383808	5
20240503 204350	884	86099	gbdt	binary	custom	TRUE	TRUE	FALSE	TRUE	-100	-1	0	0.001	0	0	31	961	1	1	1	FALSE	1	0.1	50	0.5	FALSE	900001	0.243669583994377	0.845772706995654	1182	678	11116	58045523.2383808	6
20240503 204528	884	86099	gbdt	binary	custom	TRUE	TRUE	FALSE	TRUE	-100	-1	0	0.001	0	0	31	572	1	1	1	FALSE	1	0.1	50	0.5	FALSE	900001	0.190173889492852	0.545496719712	544	915	12141	58730283.3583208	7
20240503 204655	884	86099	gbdt	binary	custom	TRUE	TRUE	FALSE	TRUE	-100	-1	0	0.001	0	0	31	747	1	1	1	FALSE	1	0.1	50	0.5	FALSE	900001	0.260531921063233	0.888848961466128	421	1074	12472	58871436.2818591	8
20240503 204822	884	86099	gbdt	binary	custom	TRUE	TRUE	FALSE	TRUE	-100	-1	0	0.001	0	0	31	700	1	1	1	FALSE	1	0.1	50	0.5	FALSE	900001	0.415484429826206	0.6293954721918	676	811	12557	56456136.4317841	9
20240503 204855	884	86099	gbdt	binary	custom	TRUE	TRUE	FALSE	TRUE	-100	-1	0	0.001	0	0	31	88	1	1	1	FALSE	1	0.1	50	0.5	FALSE	900001	0.290488329970906	0.726328796299964	1874	1847	12134	59549364.3178411	10
20240503 205135	884	86099	gbdt	binary	custom	TRUE	TRUE	FALSE	TRUE	-100	-1	0	0.001	0	0	31	1260	1	1	1	FALSE	1	0.1	50	0.5	FALSE	900001	0.0713761257044061	0.857304004042929	1936	538	11231	59464781.1094453	11
20240503 205319	884	86099	gbdt	binary	custom	TRUE	TRUE	FALSE	TRUE	-100	-1	0	0.001	0	0	31	332	1	1	1	FALSE	1	0.1	50	0.5	FALSE	900001	0.031696986097487	0.564620512489012	905	284	12041	61970973.0134933	12
20240503 205512	884	86099	gbdt	binary	custom	TRUE	TRUE	FALSE	TRUE	-100	-1	0	0.001	0	0	31	351	1	1	1	FALSE	1	0.1	50	0.5	FALSE	900001	0.401693661799895	0.508955064343208	1704	947	9816	55025343.3283358	13
20240503 205543	884	86099	gbdt	binary	custom	TRUE	TRUE	FALSE	TRUE	-100	-1	0	0.001	0	0	31	55	1	1	1	FALSE	1	0.1	50	0.5	FALSE	900001	0.468036906809092	0.799595661668782	182	1632	10086	56234473.7631184	14
20240503 205643	884	86099	gbdt	binary	custom	TRUE	TRUE	FALSE	TRUE	-100	-1	0	0.001	0	0	31	261	1	1	1	FALSE	1	0.1	50	0.5	FALSE	900001	0.475857335697412	0.803811210537733	377	197	10807	56854322.3388306	15
20240503 205719	884	86099	gbdt	binary	custom	TRUE	TRUE	FALSE	TRUE	-100	-1	0	0.001	0	0	31	93	1	1	1	FALSE	1	0.1	50	0.5	FALSE	900001	0.152025137848681	0.701898286024771	1074	1321	10563	60477776.6116941	16
20240503 205953	884	86099	gbdt	binary	custom	TRUE	TRUE	FALSE	TRUE	-100	-1	0	0.001	0	0	31	1327	1	1	1	FALSE	1	0.1	50	0.5	FALSE	900001	0.028285187686754	0.643666614933202	616	713	10441	60410493.2533733	17
20240503 210219	884	86099	gbdt	binary	custom	TRUE	TRUE	FALSE	TRUE	-100	-1	0	0.001	0	0	31	283	1	1	1	FALSE	1	0.1	50	0.5	FALSE	900001	0.0371874475118232	0.501661176473534	1189	100	12269	61677497.7511244	18
20240503 210404	884	86099	gbdt	binary	custom	TRUE	TRUE	FALSE	TRUE	-100	-1	0	0.001	0	0	31	178	1	1	1	FALSE	1	0.1	50	0.5	FALSE	900001	0.0474138808552213	0.567806110935866	930	141	14367	61589554.7226387	19
20240503 210739	884	86099	gbdt	binary	custom	TRUE	TRUE	FALSE	TRUE	-100	-1	0	0.001	0	0	31	535	1	1	1	FALSE	1	0.1	50	0.5	FALSE	900001	0.0212648429117035	0.57029358188636	1182	100	12166	61621280.3598201	20
20240503 210931	884	86099	gbdt	binary	custom	TRUE	TRUE	FALSE	TRUE	-100	-1	0	0.001	0	0	31	371	1	1	1	FALSE	1	0.1	50	0.5	FALSE	900001	0.0292658361662684	0.519761938739074	996	360	12817	61818985.0074963	21
20240503 211246	884	86099	gbdt	binary	custom	TRUE	TRUE	FALSE	TRUE	-100	-1	0	0.001	0	0	31	921	1	1	1	FALSE	1	0.1	50	0.5	FALSE	900001	0.0333380674698099	0.784503123037738	1028	202	12942	60371901.0494753	22
20240503 211501	884	86099	gbdt	binary	custom	TRUE	TRUE	FALSE	TRUE	-100	-1	0	0.001	0	0	31	195	1	1	1	FALSE	1	0.1	50	0.5	FALSE	900001	0.0323239607085326	0.543929629044863	907	100	12488	60426554.7226387	23
20240503 211751	884	86099	gbdt	binary	custom	TRUE	TRUE	FALSE	TRUE	-100	-1	0	0.001	0	0	31	985	1	1	1	FALSE	1	0.1	50	0.5	FALSE	900001	0.0411832879628885	0.500658494127846	1270	464	11599	60266568.2158921	24
20240503 212240	884	86099	gbdt	binary	custom	TRUE	TRUE	FALSE	TRUE	-100	-1	0	0.001	0	0	31	1058	1	1	1	FALSE	1	0.1	50	0.5	FALSE	900001	0.0100835585189873	0.500188077496578	1038	155	11536	61775868.065967	25
20240503 212737	884	86099	gbdt	binary	custom	TRUE	TRUE	FALSE	TRUE	-100	-1	0	0.001	0	0	31	1001	1	1	1	FALSE	1	0.1	50	0.5	FALSE	900001	0.0100432387387544	0.505037476835614	1030	130	12267	60750724.137931	26
20240503 213011	884	86099	gbdt	binary	custom	TRUE	TRUE	FALSE	TRUE	-100	-1	0	0.001	0	0	31	270	1	1	1	FALSE	1	0.1	50	0.5	FALSE	900001	0.0236919550493795	0.500245707594562	1065	100	12227	61589044.9775112	27
20240503 213248	884	86099	gbdt	binary	custom	TRUE	TRUE	FALSE	TRUE	-100	-1	0	0.001	0	0	31	270	1	1	1	FALSE	1	0.1	50	0.5	FALSE	900001	0.0236919550493795	0.500245707594562	1065	100	12227	61589044.9775112	28
20240503 213523	884	86099	gbdt	binary	custom	TRUE	TRUE	FALSE	TRUE	-100	-1	0	0.001	0	0	31	270	1	1	1	FALSE	1	0.1	50	0.5	FALSE	900001	0.0236919550493795	0.500245707594562	1065	100	12227	61589044.9775112	29
20240503 213606	884	86099	gbdt	binary	custom	TRUE	TRUE	FALSE	TRUE	-100	-1	0	0.001	0	0	31	187	1	1	1	FALSE	1	0.1	50	0.5	FALSE	900001	0.141648197677865	0.607224878284236	866	1447	10044	59825301.3493253	30
20240503 213700	884	86099	gbdt	binary	custom	TRUE	TRUE	FALSE	TRUE	-100	-1	0	0.001	0	0	31	326	1	1	1	FALSE	1	0.1	50	0.5	FALSE	900001	0.125696398849311	0.829886604300983	876	1317	10505	60653395.802099	31
20240503 213748	884	86099	gbdt	binary	custom	TRUE	TRUE	FALSE	TRUE	-100	-1	0	0.001	0	0	31	216	1	1	1	FALSE	1	0.1	50	0.5	FALSE	900001	0.302841529130123	0.873283833128176	611	972	11396	57945193.4032983	32
20240503 214314	884	86099	gbdt	binary	custom	TRUE	TRUE	FALSE	TRUE	-100	-1	0	0.001	0	0	31	925	1	1	1	FALSE	1	0.1	50	0.5	FALSE	900001	0.0100990047283343	0.568377409719779	1109	101	12753	61221359.82009	33
20240503 214727	884	86099	gbdt	binary	custom	TRUE	TRUE	FALSE	TRUE	-100	-1	0	0.001	0	0	31	747	1	1	1	FALSE	1	0.1	50	0.5	FALSE	900001	0.024949445399756	0.538687555999677	1032	100	12123	59922934.0329835	34
20240503 214905	884	86099	gbdt	binary	custom	TRUE	TRUE	FALSE	TRUE	-100	-1	0	0.001	0	0	31	674	1	1	1	FALSE	1	0.1	50	0.5	FALSE	900001	0.233214569415264	0.597322116792249	1597	579	12426	59515223.3883059	35
20240503 215001	884	86099	gbdt	binary	custom	TRUE	TRUE	FALSE	TRUE	-100	-1	0	0.001	0	0	31	186	1	1	1	FALSE	1	0.1	50	0.5	FALSE	900001	0.267793947478149	0.759941975304375	1911	482	12006	58095463.2683658	36
20240503 215052	884	86099	gbdt	binary	custom	TRUE	TRUE	FALSE	TRUE	-100	-1	0	0.001	0	0	31	133	1	1	1	FALSE	1	0.1	50	0.5	FALSE	900001	0.186627085548517	0.537798566299421	362	1675	10746	59020950.5247376	37
20240503 215321	884	86099	gbdt	binary	custom	TRUE	TRUE	FALSE	TRUE	-100	-1	0	0.001	0	0	31	492	1	1	1	FALSE	1	0.1	50	0.5	FALSE	900001	0.0196287182256513	0.500016129408489	1050	222	12530	60698395.802099	38
20240503 215555	884	86099	gbdt	binary	custom	TRUE	TRUE	FALSE	TRUE	-100	-1	0	0.001	0	0	31	340	1	1	1	FALSE	1	0.1	50	0.5	FALSE	900001	0.0414099950173502	0.500066880373964	986	101	12259	59633434.7826087	39
20240503 215635	884	86099	gbdt	binary	custom	TRUE	TRUE	FALSE	TRUE	-100	-1	0	0.001	0	0	31	103	1	1	1	FALSE	1	0.1	50	0.5	FALSE	900001	0.208612585919026	0.766433292451903	1641	943	13207	57548535.2323838	40
20240503 215908	884	86099	gbdt	binary	custom	TRUE	TRUE	FALSE	TRUE	-100	-1	0	0.001	0	0	31	888	1	1	1	FALSE	1	0.1	50	0.5	FALSE	900001	0.016725316111512	0.59175278013213	1736	407	11634	61679109.4452774	41
20240503 220301	884	86099	gbdt	binary	custom	TRUE	TRUE	FALSE	TRUE	-100	-1	0	0.001	0	0	31	1040	1	1	1	FALSE	1	0.1	50	0.5	FALSE	900001	0.010030794900194	0.505503969051033	1744	293	11392	61756653.6731634	42
20240503 220747	884	86099	gbdt	binary	custom	TRUE	TRUE	FALSE	TRUE	-100	-1	0	0.001	0	0	31	1418	1	1	1	FALSE	1	0.1	50	0.5	FALSE	900001	0.0100012869048343	0.506725123442056	1939	286	11611	61599383.808096	43
20240503 221223	884	86099	gbdt	binary	custom	TRUE	TRUE	FALSE	TRUE	-100	-1	0	0.001	0	0	31	1291	1	1	1	FALSE	1	0.1	50	0.5	FALSE	900001	0.0100674247883849	0.513797414865679	1845	280	11011	61509668.6656672	44
20240503 221619	884	86099	gbdt	binary	custom	TRUE	TRUE	FALSE	TRUE	-100	-1	0	0.001	0	0	31	1047	1	1	1	FALSE	1	0.1	50	0.5	FALSE	900001	0.01007767298353	0.519957287532918	1780	284	11125	61245869.5652174	45
20240503 222059	884	86099	gbdt	binary	custom	TRUE	TRUE	FALSE	TRUE	-100	-1	0	0.001	0	0	31	1368	1	1	1	FALSE	1	0.1	50	0.5	FALSE	900001	0.0100827102195045	0.53345612150039	1653	292	11571	61144091.4542729	46
20240503 222606	884	86099	gbdt	binary	custom	TRUE	TRUE	FALSE	TRUE	-100	-1	0	0.001	0	0	31	1599	1	1	1	FALSE	1	0.1	50	0.5	FALSE	900001	0.0100118197456001	0.547845373405245	1650	292	11263	61332499.2503748	47
20240503 223007	884	86099	gbdt	binary	custom	TRUE	TRUE	FALSE	TRUE	-100	-1	0	0.001	0	0	31	1206	1	1	1	FALSE	1	0.1	50	0.5	FALSE	900001	0.0101179580548049	0.560371283895271	1619	303	11799	61862130.4347826	48
20240503 223414	884	86099	gbdt	binary	custom	TRUE	TRUE	FALSE	TRUE	-100	-1	0	0.001	0	0	31	1346	1	1	1	FALSE	1	0.1	50	0.5	FALSE	900001	0.0103255675062341	0.573842126724065	1645	304	12036	61417097.4512744	49
20240503 223643	884	86099	gbdt	binary	custom	TRUE	TRUE	FALSE	TRUE	-100	-1	0	0.001	0	0	31	571	1	1	1	FALSE	1	0.1	50	0.5	FALSE	900001	0.0145578205436054	0.571906270255248	1744	298	11690	61405982.0089955	50
20240503 224024	884	86099	gbdt	binary	custom	TRUE	TRUE	FALSE	TRUE	-100	-1	0	0.001	0	0	31	1188	1	1	1	FALSE	1	0.1	50	0.5	FALSE	900001	0.0138038704615465	0.57059640342928	1655	302	11673	61319830.5847076	51
20240503 224352	884	86099	gbdt	binary	custom	TRUE	TRUE	FALSE	TRUE	-100	-1	0	0.001	0	0	31	1049	1	1	1	FALSE	1	0.1	50	0.5	FALSE	900001	0.0146038990343447	0.566084599867472	1650	300	10442	60822845.5772114	52
20240503 224840	884	86099	gbdt	binary	custom	TRUE	TRUE	FALSE	TRUE	-100	-1	0	0.001	0	0	31	1516	1	1	1	FALSE	1	0.1	50	0.5	FALSE	900001	0.0100642359594546	0.539958769623587	1411	322	10634	61106215.892054	53
20240503 225137	884	86099	gbdt	binary	custom	TRUE	TRUE	FALSE	TRUE	-100	-1	0	0.001	0	0	31	628	1	1	1	FALSE	1	0.1	50	0.5	FALSE	900001	0.0175594119732665	0.539927353284527	2048	246	11626	61220950.5247376	54
20240503 225530	884	86099	gbdt	binary	custom	TRUE	TRUE	FALSE	TRUE	-100	-1	0	0.001	0	0	31	1135	1	1	1	FALSE	1	0.1	50	0.5	FALSE	900001	0.0117910502337637	0.553299839416815	1525	302	12616	61868641.6791604	55
20240503 225923	884	86099	gbdt	binary	custom	TRUE	TRUE	FALSE	TRUE	-100	-1	0	0.001	0	0	31	1139	1	1	1	FALSE	1	0.1	50	0.5	FALSE	900001	0.010102943566574	0.560391351857219	1456	308	11262	61637448.2758621	56
20240503 230303	884	86099	gbdt	binary	custom	TRUE	TRUE	FALSE	TRUE	-100	-1	0	0.001	0	0	31	1081	1	1	1	FALSE	1	0.1	50	0.5	FALSE	900001	0.0100892685920509	0.56872869677727	1420	316	11825	61575974.5127436	57
20240503 230642	884	86099	gbdt	binary	custom	TRUE	TRUE	FALSE	TRUE	-100	-1	0	0.001	0	0	31	1081	1	1	1	FALSE	1	0.1	50	0.5	FALSE	900001	0.0100892685920509	0.56872869677727	1420	316	11825	61575974.5127436	58
20240503 231018	884	86099	gbdt	binary	custom	TRUE	TRUE	FALSE	TRUE	-100	-1	0	0.001	0	0	31	1103	1	1	1	FALSE	1	0.1	50	0.5	FALSE	900001	0.0102546054923055	0.571365538298323	1381	315	12218	61273736.131934	59
20240503 231349	884	86099	gbdt	binary	custom	TRUE	TRUE	FALSE	TRUE	-100	-1	0	0.001	0	0	31	1003	1	1	1	FALSE	1	0.1	50	0.5	FALSE	900001	0.0125160908127058	0.564890408395805	1461	311	11331	61865230.8845577	60
20240503 231622	884	86099	gbdt	binary	custom	TRUE	TRUE	FALSE	TRUE	-100	-1	0	0.001	0	0	31	602	1	1	1	FALSE	1	0.1	50	0.5	FALSE	900001	0.0157599805871856	0.564735440050103	1483	293	9840	61690374.8125937	61
20240503 231916	884	86099	gbdt	binary	custom	TRUE	TRUE	FALSE	TRUE	-100	-1	0	0.001	0	0	31	795	1	1	1	FALSE	1	0.1	50	0.5	FALSE	900001	0.0169110204432637	0.567360810426355	1471	304	11056	61601775.1124438	62
20240503 232143	884	86099	gbdt	binary	custom	TRUE	TRUE	FALSE	TRUE	-100	-1	0	0.001	0	0	31	588	1	1	1	FALSE	1	0.1	50	0.5	FALSE	900001	0.0179386656470173	0.570003710138898	1468	300	10776	61588701.6491754	63
20240503 232408	884	86099	gbdt	binary	custom	TRUE	TRUE	FALSE	TRUE	-100	-1	0	0.001	0	0	31	588	1	1	1	FALSE	1	0.1	50	0.5	FALSE	900001	0.0179386656470173	0.570003710138898	1468	300	10776	61588701.6491754	64
20240503 232620	884	86099	gbdt	binary	custom	TRUE	TRUE	FALSE	TRUE	-100	-1	0	0.001	0	0	31	518	1	1	1	FALSE	1	0.1	50	0.5	FALSE	900001	0.0187696020525498	0.568878763485703	1469	302	11671	61872157.4212894	65
20240503 232922	884	86099	gbdt	binary	custom	TRUE	TRUE	FALSE	TRUE	-100	-1	0	0.001	0	0	31	953	1	1	1	FALSE	1	0.1	50	0.5	FALSE	900001	0.0210283700400683	0.574934220514572	1469	300	11956	61300455.7721139	66