fecha	cols	rows	boosting	objective	metric	first_metric_only	boost_from_average	feature_pre_filter	force_row_wise	verbosity	max_depth	min_gain_to_split	min_sum_hessian_in_leaf	lambda_l1	lambda_l2	max_bin	num_iterations	bagging_fraction	pos_bagging_fraction	neg_bagging_fraction	is_unbalance	scale_pos_weight	drop_rate	max_drop	skip_drop	extra_trees	seed	learning_rate	feature_fraction	num_leaves	min_data_in_leaf	estimulos	ganancia	iteracion_bayesiana
20240504 231016	884	876472	gbdt	binary	custom	TRUE	TRUE	FALSE	TRUE	-100	-1	0	0.001	0	0	31	222	1	1	1	FALSE	1	0.1	50	0.5	FALSE	900001	0.116442212945253	0.620141147691607	1657	1940	11978	58617664.167916	1
20240504 231459	884	876472	gbdt	binary	custom	TRUE	TRUE	FALSE	TRUE	-100	-1	0	0.001	0	0	31	91	1	1	1	FALSE	1	0.1	50	0.5	FALSE	900001	0.338295321238792	0.688560357001972	1402	1486	12559	54308967.0164918	2
20240504 231941	884	876472	gbdt	binary	custom	TRUE	TRUE	FALSE	TRUE	-100	-1	0	0.001	0	0	31	231	1	1	1	FALSE	1	0.1	50	0.5	FALSE	900001	0.368849628071935	0.756701571551134	823	1192	11005	53466919.0404798	3
20240504 232105	884	876472	gbdt	binary	custom	TRUE	TRUE	FALSE	TRUE	-100	-1	0	0.001	0	0	31	44	1	1	1	FALSE	1	0.1	50	0.5	FALSE	900001	0.207485957027722	0.652841042911386	39	456	17179	52332745.1274363	4
20240504 232859	884	876472	gbdt	binary	custom	TRUE	TRUE	FALSE	TRUE	-100	-1	0	0.001	0	0	31	411	1	1	1	FALSE	1	0.1	50	0.5	FALSE	900001	0.0424421492051256	0.58984832307637	1500	1673	13300	59870434.7826087	5
20240504 233454	884	876472	gbdt	binary	custom	TRUE	TRUE	FALSE	TRUE	-100	-1	0	0.001	0	0	31	100	1	1	1	FALSE	1	0.1	50	0.5	FALSE	900001	0.243669583994377	0.845772706995654	1182	678	16497	52681893.5532234	6
20240504 234058	884	876472	gbdt	binary	custom	TRUE	TRUE	FALSE	TRUE	-100	-1	0	0.001	0	0	31	127	1	1	1	FALSE	1	0.1	50	0.5	FALSE	900001	0.190173889492852	0.545496719712	544	915	15118	55667589.2053973	7
20240504 234453	884	876472	gbdt	binary	custom	TRUE	TRUE	FALSE	TRUE	-100	-1	0	0.001	0	0	31	71	1	1	1	FALSE	1	0.1	50	0.5	FALSE	900001	0.260531921063233	0.888848961466128	421	1074	14079	53806718.1409295	8
20240504 234824	884	876472	gbdt	binary	custom	TRUE	TRUE	FALSE	TRUE	-100	-1	0	0.001	0	0	31	47	1	1	1	FALSE	1	0.1	50	0.5	FALSE	900001	0.415484429826206	0.6293954721918	676	811	16033	47063818.5907046	9
20240504 235326	884	876472	gbdt	binary	custom	TRUE	TRUE	FALSE	TRUE	-100	-1	0	0.001	0	0	31	229	1	1	1	FALSE	1	0.1	50	0.5	FALSE	900001	0.290488329970906	0.726328796299964	1874	1847	13159	53718502.2488756	10
20240505 000144	884	876472	gbdt	binary	custom	TRUE	TRUE	FALSE	TRUE	-100	-1	0	0.001	0	0	31	196	1	1	1	FALSE	1	0.1	50	0.5	FALSE	900001	0.0713761257044061	0.857304004042929	1936	538	12895	57992361.3193403	11
20240505 000945	884	876472	gbdt	binary	custom	TRUE	TRUE	FALSE	TRUE	-100	-1	0	0.001	0	0	31	174	1	1	1	FALSE	1	0.1	50	0.5	FALSE	900001	0.031696986097487	0.564620512489012	905	284	13499	59756733.1334333	12
20240505 001455	884	876472	gbdt	binary	custom	TRUE	TRUE	FALSE	TRUE	-100	-1	0	0.001	0	0	31	59	1	1	1	FALSE	1	0.1	50	0.5	FALSE	900001	0.401693661799895	0.508955064343208	1704	947	11549	51749401.7991005	13
20240505 001917	884	876472	gbdt	binary	custom	TRUE	TRUE	FALSE	TRUE	-100	-1	0	0.001	0	0	31	319	1	1	1	FALSE	1	0.1	50	0.5	FALSE	900001	0.468036906809092	0.799595661668782	182	1632	12371	48132997.0014993	14
20240505 002117	884	876472	gbdt	binary	custom	TRUE	TRUE	FALSE	TRUE	-100	-1	0	0.001	0	0	31	1	1	1	1	FALSE	1	0.1	50	0.5	FALSE	900001	0.475857335697412	0.803811210537733	377	197	17499	47785398.8005997	15
20240505 002609	884	876472	gbdt	binary	custom	TRUE	TRUE	FALSE	TRUE	-100	-1	0	0.001	0	0	31	118	1	1	1	FALSE	1	0.1	50	0.5	FALSE	900001	0.152025137848681	0.701898286024771	1074	1321	14056	56861625.1874063	16
20240505 003359	884	876472	gbdt	binary	custom	TRUE	TRUE	FALSE	TRUE	-100	-1	0	0.001	0	0	31	168	1	1	1	FALSE	1	0.1	50	0.5	FALSE	900001	0.0529500793536993	0.500111599447117	1145	997	10944	59278644.6776612	17
20240505 005512	884	876472	gbdt	binary	custom	TRUE	TRUE	FALSE	TRUE	-100	-1	0	0.001	0	0	31	1071	1	1	1	FALSE	1	0.1	50	0.5	FALSE	900001	0.0138752527062377	0.592993594929137	1513	628	14172	58773715.1424288	18
20240505 010614	884	876472	gbdt	binary	custom	TRUE	TRUE	FALSE	TRUE	-100	-1	0	0.001	0	0	31	811	1	1	1	FALSE	1	0.1	50	0.5	FALSE	900001	0.0358069910278113	0.688951062187196	764	1641	11317	58376016.4917541	19
20240505 011403	884	876472	gbdt	binary	custom	TRUE	TRUE	FALSE	TRUE	-100	-1	0	0.001	0	0	31	222	1	1	1	FALSE	1	0.1	50	0.5	FALSE	900001	0.0618007684196819	0.507727196880242	1985	1692	11999	61577512.7436282	20
20240505 013507	884	876472	gbdt	binary	custom	TRUE	TRUE	FALSE	TRUE	-100	-1	0	0.001	0	0	31	1387	1	1	1	FALSE	1	0.1	50	0.5	FALSE	900001	0.0546264253866236	0.501471396901882	2048	2000	11590	58352398.8005997	21
20240505 014451	884	876472	gbdt	binary	custom	TRUE	TRUE	FALSE	TRUE	-100	-1	0	0.001	0	0	31	380	1	1	1	FALSE	1	0.1	50	0.5	FALSE	900001	0.0726381165815417	0.5001735856777	1895	1355	12606	59238371.814093	22
20240505 015350	884	876472	gbdt	binary	custom	TRUE	TRUE	FALSE	TRUE	-100	-1	0	0.001	0	0	31	540	1	1	1	FALSE	1	0.1	50	0.5	FALSE	900001	0.0405009006120968	0.641332931110646	2047	1479	14297	58257605.6971514	23
20240505 020342	884	876472	gbdt	binary	custom	TRUE	TRUE	FALSE	TRUE	-100	-1	0	0.001	0	0	31	403	1	1	1	FALSE	1	0.1	50	0.5	FALSE	900001	0.0699570757501733	0.5000027390781	1412	1646	12679	59425188.9055472	24
20240505 021510	884	876472	gbdt	binary	custom	TRUE	TRUE	FALSE	TRUE	-100	-1	0	0.001	0	0	31	389	1	1	1	FALSE	1	0.1	50	0.5	FALSE	900001	0.0585495090484764	0.50031122185351	1621	100	13319	60385608.6956522	25
20240505 022909	884	876472	gbdt	binary	custom	TRUE	TRUE	FALSE	TRUE	-100	-1	0	0.001	0	0	31	604	1	1	1	FALSE	1	0.1	50	0.5	FALSE	900001	0.0613520309952324	0.500115782138374	1499	285	11696	60611370.3148426	26
20240505 023706	884	876472	gbdt	binary	custom	TRUE	TRUE	FALSE	TRUE	-100	-1	0	0.001	0	0	31	114	1	1	1	FALSE	1	0.1	50	0.5	FALSE	900001	0.0602291342264471	0.50024447372979	1368	101	13901	59141077.9610195	27
20240505 024821	884	876472	gbdt	binary	custom	TRUE	TRUE	FALSE	TRUE	-100	-1	0	0.001	0	0	31	290	1	1	1	FALSE	1	0.1	50	0.5	FALSE	900001	0.0511163927093335	0.500026531095463	1913	364	12588	59436179.910045	28
20240505 025728	884	876472	gbdt	binary	custom	TRUE	TRUE	FALSE	TRUE	-100	-1	0	0.001	0	0	31	241	1	1	1	FALSE	1	0.1	50	0.5	FALSE	900001	0.0645967617949157	0.500018468931797	1601	679	14270	59703403.2983508	29
20240505 030614	884	876472	gbdt	binary	custom	TRUE	TRUE	FALSE	TRUE	-100	-1	0	0.001	0	0	31	334	1	1	1	FALSE	1	0.1	50	0.5	FALSE	900001	0.0626233473305305	0.500688356882366	1643	1595	11331	60440703.1484258	30
20240505 033401	884	876472	gbdt	binary	custom	TRUE	TRUE	FALSE	TRUE	-100	-1	0	0.001	0	0	31	3398	1	1	1	FALSE	1	0.1	50	0.5	FALSE	900001	0.0695439260570964	0.500236275648905	8	1633	11030	60747001.4992504	31
20240505 034121	884	876472	gbdt	binary	custom	TRUE	TRUE	FALSE	TRUE	-100	-1	0	0.001	0	0	31	226	1	1	1	FALSE	1	0.1	50	0.5	FALSE	900001	0.0827749514474756	0.5002397411321	379	1720	12161	59835680.6596702	32
20240505 040046	884	876472	gbdt	binary	custom	TRUE	TRUE	FALSE	TRUE	-100	-1	0	0.001	0	0	31	2225	1	1	1	FALSE	1	0.1	50	0.5	FALSE	900001	0.0522095688429664	0.500214159882395	8	752	13277	59354607.1964018	33
20240505 042045	884	876472	gbdt	binary	custom	TRUE	TRUE	FALSE	TRUE	-100	-1	0	0.001	0	0	31	2255	1	1	1	FALSE	1	0.1	50	0.5	FALSE	900001	0.0458457941206847	0.500079166726347	9	1801	10852	60300911.5442279	34
20240505 042640	884	876472	gbdt	binary	custom	TRUE	TRUE	FALSE	TRUE	-100	-1	0	0.001	0	0	31	182	1	1	1	FALSE	1	0.1	50	0.5	FALSE	900001	0.0654892958288943	0.500183114183203	154	1953	12020	60419460.2698651	35
20240505 043750	884	876472	gbdt	binary	custom	TRUE	TRUE	FALSE	TRUE	-100	-1	0	0.001	0	0	31	540	1	1	1	FALSE	1	0.1	50	0.5	FALSE	900001	0.064243584518812	0.500210597165028	402	1732	14464	57716485.7571214	36
20240505 044807	884	876472	gbdt	binary	custom	TRUE	TRUE	FALSE	TRUE	-100	-1	0	0.001	0	0	31	395	1	1	1	FALSE	1	0.1	50	0.5	FALSE	900001	0.0740859035588177	0.500034956192013	1449	1226	12823	58680925.0374813	37
20240505 055620	884	876472	gbdt	binary	custom	TRUE	TRUE	FALSE	TRUE	-100	-1	0	0.001	0	0	31	8666	1	1	1	FALSE	1	0.1	50	0.5	FALSE	900001	0.0106055487315477	0.500293438284853	9	1884	11666	60716602.6986507	38
20240505 060229	884	876472	gbdt	binary	custom	TRUE	TRUE	FALSE	TRUE	-100	-1	0	0.001	0	0	31	10	1	1	1	FALSE	1	0.1	50	0.5	FALSE	900001	0.0102467859150538	0.500066940241105	8	1781	14991	48884691.1544228	39
20240505 061521	884	876472	gbdt	binary	custom	TRUE	TRUE	FALSE	TRUE	-100	-1	0	0.001	0	0	31	564	1	1	1	FALSE	1	0.1	50	0.5	FALSE	900001	0.0608297380848842	0.500297194257509	1324	747	13977	59142763.1184408	40
20240505 062438	884	876472	gbdt	binary	custom	TRUE	TRUE	FALSE	TRUE	-100	-1	0	0.001	0	0	31	383	1	1	1	FALSE	1	0.1	50	0.5	FALSE	900001	0.0669904174505689	0.504393581469911	1370	1607	12665	59416394.3028486	41
20240505 063503	884	876472	gbdt	binary	custom	TRUE	TRUE	FALSE	TRUE	-100	-1	0	0.001	0	0	31	317	1	1	1	FALSE	1	0.1	50	0.5	FALSE	900001	0.0570871850095619	0.500347027048032	1525	598	12316	58473769.1154423	42
20240505 064341	884	876472	gbdt	binary	custom	TRUE	TRUE	FALSE	TRUE	-100	-1	0	0.001	0	0	31	329	1	1	1	FALSE	1	0.1	50	0.5	FALSE	900001	0.0719069917721819	0.513489344486581	1037	1692	11789	58758217.3913044	43
20240505 065115	884	876472	gbdt	binary	custom	TRUE	TRUE	FALSE	TRUE	-100	-1	0	0.001	0	0	31	223	1	1	1	FALSE	1	0.1	50	0.5	FALSE	900001	0.0641581729384932	0.510631838872282	1628	1534	11969	59777077.9610195	44
20240505 070231	884	876472	gbdt	binary	custom	TRUE	TRUE	FALSE	TRUE	-100	-1	0	0.001	0	0	31	549	1	1	1	FALSE	1	0.1	50	0.5	FALSE	900001	0.064389827174833	0.523531482979919	1624	1559	13092	58453715.1424288	45
20240505 071202	884	876472	gbdt	binary	custom	TRUE	TRUE	FALSE	TRUE	-100	-1	0	0.001	0	0	31	314	1	1	1	FALSE	1	0.1	50	0.5	FALSE	900001	0.0623753858923306	0.509321276260108	834	357	13736	60292809.5952024	46
20240505 071838	884	876472	gbdt	binary	custom	TRUE	TRUE	FALSE	TRUE	-100	-1	0	0.001	0	0	31	93	1	1	1	FALSE	1	0.1	50	0.5	FALSE	900001	0.0621958670629687	0.507076518761337	809	353	12762	59881556.2218891	47
20240505 072802	884	876472	gbdt	binary	custom	TRUE	TRUE	FALSE	TRUE	-100	-1	0	0.001	0	0	31	303	1	1	1	FALSE	1	0.1	50	0.5	FALSE	900001	0.0614853219190655	0.516796447387767	867	350	10634	59278269.8650675	48
20240505 073834	884	876472	gbdt	binary	custom	TRUE	TRUE	FALSE	TRUE	-100	-1	0	0.001	0	0	31	343	1	1	1	FALSE	1	0.1	50	0.5	FALSE	900001	0.0569188683529415	0.522909743560007	1091	323	12784	60714086.9565217	49
20240505 074613	884	876472	gbdt	binary	custom	TRUE	TRUE	FALSE	TRUE	-100	-1	0	0.001	0	0	31	116	1	1	1	FALSE	1	0.1	50	0.5	FALSE	900001	0.0568177894164317	0.53323182820137	1082	297	14237	59123602.6986507	50
20240505 075805	884	876472	gbdt	binary	custom	TRUE	TRUE	FALSE	TRUE	-100	-1	0	0.001	0	0	31	439	1	1	1	FALSE	1	0.1	50	0.5	FALSE	900001	0.055708097785699	0.513699060991905	1174	316	12183	59021794.6026987	51
20240505 080517	884	876472	gbdt	binary	custom	TRUE	TRUE	FALSE	TRUE	-100	-1	0	0.001	0	0	31	175	1	1	1	FALSE	1	0.1	50	0.5	FALSE	900001	0.0691806727904248	0.534218421720708	573	844	11796	59371700.149925	52
20240505 081039	884	876472	gbdt	binary	custom	TRUE	TRUE	FALSE	TRUE	-100	-1	0	0.001	0	0	31	391	1	1	1	FALSE	1	0.1	50	0.5	FALSE	900001	0.0860720175994384	0.56171178203851	64	2000	12100	59483808.095952	53
20240505 082254	884	876472	gbdt	binary	custom	TRUE	TRUE	FALSE	TRUE	-100	-1	0	0.001	0	0	31	421	1	1	1	FALSE	1	0.1	50	0.5	FALSE	900001	0.0530499228724703	0.503970373296889	1495	308	11669	59027302.8485757	54
20240505 082836	884	876472	gbdt	binary	custom	TRUE	TRUE	FALSE	TRUE	-100	-1	0	0.001	0	0	31	188	1	1	1	FALSE	1	0.1	50	0.5	FALSE	900001	0.0799599804628228	0.537024894407537	158	1392	10290	60407841.0794603	55
20240505 083519	884	876472	gbdt	binary	custom	TRUE	TRUE	FALSE	TRUE	-100	-1	0	0.001	0	0	31	375	1	1	1	FALSE	1	0.1	50	0.5	FALSE	900001	0.0809163461563404	0.543378561962688	128	1384	11593	59962289.3553223	56
20240505 084322	884	876472	gbdt	binary	custom	TRUE	TRUE	FALSE	TRUE	-100	-1	0	0.001	0	0	31	498	1	1	1	FALSE	1	0.1	50	0.5	FALSE	900001	0.0805663243449055	0.541538274956417	137	1393	12387	59126016.4917541	57
20240505 085052	884	876472	gbdt	binary	custom	TRUE	TRUE	FALSE	TRUE	-100	-1	0	0.001	0	0	31	441	1	1	1	FALSE	1	0.1	50	0.5	FALSE	900001	0.0842224763324693	0.507897540080249	96	1880	11639	59207437.7811094	58
20240505 085648	884	876472	gbdt	binary	custom	TRUE	TRUE	FALSE	TRUE	-100	-1	0	0.001	0	0	31	148	1	1	1	FALSE	1	0.1	50	0.5	FALSE	900001	0.0669352898761216	0.541020053816482	391	355	13780	57918830.5847076	59
20240505 090421	884	876472	gbdt	binary	custom	TRUE	TRUE	FALSE	TRUE	-100	-1	0	0.001	0	0	31	221	1	1	1	FALSE	1	0.1	50	0.5	FALSE	900001	0.0732392184284141	0.512424960738823	734	1421	12993	59937041.9790105	60
20240505 091313	884	876472	gbdt	binary	custom	TRUE	TRUE	FALSE	TRUE	-100	-1	0	0.001	0	0	31	330	1	1	1	FALSE	1	0.1	50	0.5	FALSE	900001	0.0723077230823235	0.52922863041425	743	1413	11580	60080449.7751124	61
20240505 092200	884	876472	gbdt	binary	custom	TRUE	TRUE	FALSE	TRUE	-100	-1	0	0.001	0	0	31	330	1	1	1	FALSE	1	0.1	50	0.5	FALSE	900001	0.0723077230823235	0.52922863041425	743	1413	11580	60080449.7751124	62
20240505 093051	884	876472	gbdt	binary	custom	TRUE	TRUE	FALSE	TRUE	-100	-1	0	0.001	0	0	31	330	1	1	1	FALSE	1	0.1	50	0.5	FALSE	900001	0.0723077230823235	0.52922863041425	743	1413	11580	60080449.7751124	63
20240505 094021	884	876472	gbdt	binary	custom	TRUE	TRUE	FALSE	TRUE	-100	-1	0	0.001	0	0	31	397	1	1	1	FALSE	1	0.1	50	0.5	FALSE	900001	0.0718636143698258	0.537287902861793	751	1395	13401	57493191.904048	64
20240505 095027	884	876472	gbdt	binary	custom	TRUE	TRUE	FALSE	TRUE	-100	-1	0	0.001	0	0	31	841	1	1	1	FALSE	1	0.1	50	0.5	FALSE	900001	0.0815503418226956	0.500015760829451	43	1613	12258	60724710.6446777	65
20240505 100257	884	876472	gbdt	binary	custom	TRUE	TRUE	FALSE	TRUE	-100	-1	0	0.001	0	0	31	1285	1	1	1	FALSE	1	0.1	50	0.5	FALSE	900001	0.0827923962967001	0.500418798120666	8	1613	11672	60318692.6536732	66